<svg version="1.1" id="Layer_1" xmlns="http://www.w3.org/2000/svg" xmlns:xlink="http://www.w3.org/1999/xlink" x="0px" y="0px"
	 width="100%" viewBox="0 0 2428 866" enable-background="new 0 0 2428 866" xml:space="preserve">
<path fill="#4C6971" opacity="1.000000" stroke="none" 
	d="
M2429.000000,29.000027 
	C2429.000000,308.284149 2429.000000,587.568298 2429.000000,867.000000 
	C1928.970581,867.000000 1428.941284,867.000000 928.706055,866.725159 
	C934.863892,865.458496 940.371033,862.725830 943.796753,857.208801 
	C949.047058,848.753235 953.864685,840.027954 958.827698,831.395203 
	C970.821045,810.533691 982.757812,789.639587 994.781555,768.795715 
	C1009.043762,744.071289 1023.380127,719.389771 1037.671265,694.682007 
	C1050.881836,671.842407 1064.087402,648.999817 1077.272705,626.145630 
	C1089.132446,605.588623 1100.973511,585.020935 1112.801270,564.445496 
	C1124.793823,543.583252 1136.721069,522.683533 1148.748047,501.841187 
	C1161.686646,479.418884 1174.720215,457.051300 1187.689331,434.646545 
	C1200.907593,411.811462 1213.749146,388.748505 1227.440918,366.201385 
	C1234.799072,354.083984 1235.199341,343.260712 1227.610352,330.998322 
	C1209.886597,302.359955 1192.929688,273.246735 1175.686523,244.311325 
	C1167.107056,229.914444 1158.959839,215.243210 1149.925781,201.138855 
	C1140.746582,186.807892 1119.829834,187.274857 1111.192505,201.813202 
	C1103.224854,215.223923 1095.828857,228.974182 1088.179932,242.574326 
	C1078.904297,259.066895 1069.668701,275.582275 1060.341797,292.045807 
	C1046.925781,315.727386 1033.404785,339.349548 1020.000427,363.037720 
	C1009.127869,382.251648 998.401001,401.547913 987.537537,420.766998 
	C973.735596,445.184509 959.885803,469.575073 946.007812,493.949402 
	C938.379089,507.347870 930.650085,520.689209 922.662842,533.890991 
	C916.378662,525.093689 910.397827,516.461731 904.417053,507.829742 
	C882.923645,476.808868 861.461365,445.766327 839.926880,414.774048 
	C823.442322,391.049652 806.838623,367.408142 790.338257,343.694733 
	C768.406128,312.175079 746.158264,280.865753 724.786804,248.969711 
	C715.392639,234.949387 695.342651,233.654007 685.039490,248.835800 
	C669.373962,271.919098 653.690491,294.990295 637.982483,318.044800 
	C622.362976,340.969360 606.676941,363.848572 591.068420,386.780579 
	C570.108093,417.575531 549.197815,448.404541 528.259033,479.214172 
	C515.715637,497.670624 503.158813,516.117920 490.540588,534.668457 
	C488.145569,530.696289 485.797882,526.937744 483.581146,523.103516 
	C472.240540,503.487732 460.992615,483.818176 449.599823,464.232819 
	C435.980621,440.820038 422.213867,417.493103 408.574677,394.091919 
	C397.579865,375.227722 386.720581,356.284515 375.725128,337.420685 
	C365.806061,320.403595 355.725861,303.480377 345.822266,286.454346 
	C334.346252,266.725006 323.052338,246.889618 311.557037,227.171600 
	C298.413391,204.626282 285.069214,182.197876 271.933472,159.647995 
	C258.131958,135.955109 244.519882,112.151894 230.740005,88.446312 
	C217.950500,66.444481 205.030609,44.518497 192.205566,22.537260 
	C186.959061,13.545098 182.450058,3.866698 171.000000,1.000000 
	C524.696045,1.000000 878.392090,1.000000 1232.307373,1.271345 
	C1226.316528,3.069968 1221.283813,6.159989 1218.020142,11.901999 
	C1210.398315,25.311386 1202.587646,38.613888 1195.016602,52.051525 
	C1189.943481,61.055435 1191.208862,69.891502 1196.283081,78.521584 
	C1208.723633,99.679642 1221.134033,120.855408 1233.519287,142.045822 
	C1247.662842,166.244278 1261.709473,190.499588 1275.908203,214.665558 
	C1284.071533,228.559219 1305.406738,229.052963 1313.976196,215.390640 
	C1320.141113,205.561691 1325.638672,195.314240 1331.435547,185.254395 
	C1345.098145,161.544128 1358.776245,137.842636 1372.421143,114.122116 
	C1386.480103,89.681671 1400.559204,65.252563 1414.512817,40.751961 
	C1418.185669,34.302917 1421.634399,27.834667 1420.119873,19.745274 
	C1418.247925,9.746492 1411.885132,4.341400 1403.000000,1.000000 
	C1452.696045,1.000000 1502.392090,1.000000 1552.382202,1.323112 
	C1546.027344,3.574026 1541.258179,7.507977 1537.966064,13.777291 
	C1531.781006,25.556099 1525.170654,37.113670 1518.640991,48.709057 
	C1507.438232,68.603081 1496.136108,88.441048 1484.923950,108.329781 
	C1475.482788,125.077019 1466.154175,141.887665 1456.696899,158.625717 
	C1443.927979,181.225250 1431.032715,203.753433 1418.288818,226.367004 
	C1408.690308,243.398880 1399.286133,260.540100 1389.720215,277.590485 
	C1378.145996,298.220642 1366.479004,318.798645 1354.878540,339.414062 
	C1345.450439,356.169067 1336.108276,372.972565 1326.642212,389.706055 
	C1315.560791,409.295349 1304.325562,428.797760 1293.270752,448.401978 
	C1283.667969,465.431427 1274.257446,482.569214 1264.700684,499.624847 
	C1252.815430,520.836304 1240.863159,542.010193 1228.947632,563.204712 
	C1221.136475,577.098572 1213.368530,591.016846 1205.528198,604.894348 
	C1194.134155,625.062134 1182.658203,645.183960 1171.282593,665.362183 
	C1163.294800,679.531067 1155.462769,693.787659 1147.477051,707.957642 
	C1136.348022,727.705261 1125.143066,747.410034 1113.965942,767.130432 
	C1105.460449,782.137024 1096.835449,797.077576 1088.480835,812.167664 
	C1083.713867,820.777649 1078.613770,829.327637 1075.043701,838.445129 
	C1070.320679,850.507202 1080.819214,864.937500 1093.732544,864.961365 
	C1143.896362,865.053955 1194.060547,865.042114 1244.224365,864.947998 
	C1250.943237,864.935364 1256.554932,861.681580 1259.884766,856.020325 
	C1273.786499,832.384644 1287.382080,808.568542 1301.041504,784.790710 
	C1316.748413,757.448792 1332.347290,730.044678 1348.098145,702.728088 
	C1363.683105,675.699280 1379.463623,648.783142 1395.038818,621.748840 
	C1409.796631,596.132690 1424.331421,570.388062 1439.089478,544.772034 
	C1454.664673,517.737488 1470.445190,490.821259 1486.030151,463.792358 
	C1501.781128,436.475586 1517.346802,409.051971 1533.095581,381.733856 
	C1550.320679,351.854523 1567.748413,322.091705 1584.901245,292.171173 
	C1590.110229,283.085266 1597.872314,280.088623 1607.745483,281.016327 
	C1614.565918,281.657196 1622.737793,289.132019 1624.892212,296.982971 
	C1629.008423,311.983612 1632.948364,327.032562 1637.008301,342.048798 
	C1643.889038,367.497925 1650.807373,392.936859 1657.706909,418.380890 
	C1664.478638,443.353333 1671.229248,468.331512 1678.020264,493.298676 
	C1684.552734,517.315918 1691.140015,541.318359 1697.676636,565.334473 
	C1704.471802,590.300293 1711.236572,615.274475 1718.012329,640.245605 
	C1724.016113,662.371765 1730.005005,684.501953 1736.022095,706.624573 
	C1742.339722,729.851929 1748.719238,753.062500 1755.005615,776.298340 
	C1761.762207,801.273193 1768.375366,826.287048 1775.196533,851.244141 
	C1777.160400,858.429810 1785.983521,864.881042 1793.535767,864.982605 
	C1821.310547,865.356384 1849.085815,865.746887 1876.862061,865.971558 
	C1895.359863,866.121216 1913.860229,865.927612 1932.358765,866.031433 
	C1941.209839,866.081116 1947.492065,861.870605 1951.729980,854.548035 
	C1960.285767,839.764099 1968.534546,824.802917 1977.014648,809.974670 
	C1992.340698,783.174927 2007.661377,756.371399 2023.135498,729.657166 
	C2040.667114,699.390808 2058.436279,669.261902 2075.970703,638.997314 
	C2093.752686,608.305786 2111.305908,577.481689 2129.086670,546.789551 
	C2145.302734,518.798767 2161.770508,490.953857 2177.978516,462.958588 
	C2194.763916,433.965546 2211.292725,404.823914 2228.078369,375.831024 
	C2244.286377,347.835632 2260.756592,319.992126 2276.967773,291.998535 
	C2292.438965,265.282745 2307.658203,238.421295 2323.110107,211.694199 
	C2338.645020,184.822754 2354.348877,158.048981 2369.941650,131.210892 
	C2378.932861,115.735283 2387.848633,100.215889 2396.802246,84.718452 
	C2407.532959,66.144493 2418.267334,47.572758 2429.000000,29.000027 
z"/>
<path fill="#F0CB35" opacity="1.000000" stroke="none" 
	d="
M2429.000000,28.536842 
	C2418.267334,47.572758 2407.532959,66.144493 2396.802246,84.718452 
	C2387.848633,100.215889 2378.932861,115.735283 2369.941650,131.210892 
	C2354.348877,158.048981 2338.645020,184.822754 2323.110107,211.694199 
	C2307.658203,238.421295 2292.438965,265.282745 2276.967773,291.998535 
	C2260.756592,319.992126 2244.286377,347.835632 2228.078369,375.831024 
	C2211.292725,404.823914 2194.763916,433.965546 2177.978516,462.958588 
	C2161.770508,490.953857 2145.302734,518.798767 2129.086670,546.789551 
	C2111.305908,577.481689 2093.752686,608.305786 2075.970703,638.997314 
	C2058.436279,669.261902 2040.667114,699.390808 2023.135498,729.657166 
	C2007.661377,756.371399 1992.340698,783.174927 1977.014648,809.974670 
	C1968.534546,824.802917 1960.285767,839.764099 1951.729980,854.548035 
	C1947.492065,861.870605 1941.209839,866.081116 1932.358765,866.031433 
	C1913.860229,865.927612 1895.359863,866.121216 1876.862061,865.971558 
	C1849.085815,865.746887 1821.310547,865.356384 1793.535767,864.982605 
	C1785.983521,864.881042 1777.160400,858.429810 1775.196533,851.244141 
	C1768.375366,826.287048 1761.762207,801.273193 1755.005615,776.298340 
	C1748.719238,753.062500 1742.339722,729.851929 1736.022095,706.624573 
	C1730.005005,684.501953 1724.016113,662.371765 1718.012329,640.245605 
	C1711.236572,615.274475 1704.471802,590.300293 1697.676636,565.334473 
	C1691.140015,541.318359 1684.552734,517.315918 1678.020264,493.298676 
	C1671.229248,468.331512 1664.478638,443.353333 1657.706909,418.380890 
	C1650.807373,392.936859 1643.889038,367.497925 1637.008301,342.048798 
	C1632.948364,327.032562 1629.008423,311.983612 1624.892212,296.982971 
	C1622.737793,289.132019 1614.565918,281.657196 1607.745483,281.016327 
	C1597.872314,280.088623 1590.110229,283.085266 1584.901245,292.171173 
	C1567.748413,322.091705 1550.320679,351.854523 1533.095581,381.733856 
	C1517.346802,409.051971 1501.781128,436.475586 1486.030151,463.792358 
	C1470.445190,490.821259 1454.664673,517.737488 1439.089478,544.772034 
	C1424.331421,570.388062 1409.796631,596.132690 1395.038818,621.748840 
	C1379.463623,648.783142 1363.683105,675.699280 1348.098145,702.728088 
	C1332.347290,730.044678 1316.748413,757.448792 1301.041504,784.790710 
	C1287.382080,808.568542 1273.786499,832.384644 1259.884766,856.020325 
	C1256.554932,861.681580 1250.943237,864.935364 1244.224365,864.947998 
	C1194.060547,865.042114 1143.896362,865.053955 1093.732544,864.961365 
	C1080.819214,864.937500 1070.320679,850.507202 1075.043701,838.445129 
	C1078.613770,829.327637 1083.713867,820.777649 1088.480835,812.167664 
	C1096.835449,797.077576 1105.460449,782.137024 1113.965942,767.130432 
	C1125.143066,747.410034 1136.348022,727.705261 1147.477051,707.957642 
	C1155.462769,693.787659 1163.294800,679.531067 1171.282593,665.362183 
	C1182.658203,645.183960 1194.134155,625.062134 1205.528198,604.894348 
	C1213.368530,591.016846 1221.136475,577.098572 1228.947632,563.204712 
	C1240.863159,542.010193 1252.815430,520.836304 1264.700684,499.624847 
	C1274.257446,482.569214 1283.667969,465.431427 1293.270752,448.401978 
	C1304.325562,428.797760 1315.560791,409.295349 1326.642212,389.706055 
	C1336.108276,372.972565 1345.450439,356.169067 1354.878540,339.414062 
	C1366.479004,318.798645 1378.145996,298.220642 1389.720215,277.590485 
	C1399.286133,260.540100 1408.690308,243.398880 1418.288818,226.367004 
	C1431.032715,203.753433 1443.927979,181.225250 1456.696899,158.625717 
	C1466.154175,141.887665 1475.482788,125.077019 1484.923950,108.329781 
	C1496.136108,88.441048 1507.438232,68.603081 1518.640991,48.709057 
	C1525.170654,37.113670 1531.781006,25.556099 1537.966064,13.777291 
	C1541.258179,7.507977 1546.027344,3.574026 1552.838135,1.323112 
	C1615.020874,1.000000 1677.041870,1.000000 1739.692261,1.322447 
	C1748.765991,4.007120 1753.700562,9.851407 1755.876709,18.021357 
	C1760.681519,36.059849 1765.257324,54.159336 1769.938599,72.230759 
	C1779.917358,110.751396 1789.924072,149.264801 1799.882690,187.790665 
	C1812.587524,236.941391 1825.271362,286.097626 1837.935303,335.258881 
	C1846.514038,368.561096 1855.029907,401.879517 1863.597900,435.184540 
	C1872.737183,470.710388 1881.895996,506.231201 1891.063721,541.749756 
	C1895.163086,557.632080 1899.304810,573.503418 1903.666748,590.301147 
	C1904.344238,589.193298 1904.612061,588.784241 1904.851929,588.359375 
	C1916.557617,567.619202 1928.294312,546.896484 1939.953369,526.130127 
	C1948.157227,511.517975 1956.189331,496.809174 1964.416626,482.210358 
	C1975.545532,462.463135 1986.834351,442.805939 1997.967285,423.060974 
	C2007.488159,406.175232 2016.846802,389.197998 2026.349487,372.301971 
	C2037.864380,351.828186 2049.485596,331.414307 2061.003174,310.942017 
	C2069.220947,296.335297 2077.282227,281.640594 2085.522949,267.046906 
	C2097.960205,245.021667 2110.553223,223.084213 2122.965820,201.045135 
	C2132.801270,183.581589 2142.383545,165.975342 2152.225098,148.515335 
	C2166.259766,123.616806 2180.491699,98.829330 2194.520752,73.927635 
	C2205.809326,53.889797 2216.852783,33.713642 2228.147461,13.679279 
	C2232.650635,5.691934 2239.709961,1.955443 2248.938965,1.972863 
	C2284.433350,2.039862 2319.927979,2.015059 2355.422363,1.957392 
	C2357.281982,1.954371 2359.140869,1.333330 2361.000000,1.000004 
	C2377.687500,1.000000 2394.375000,1.000000 2411.705811,1.329674 
	C2420.861572,3.000269 2425.624268,8.694839 2429.000000,16.000000 
	C2429.000000,20.024544 2429.000000,24.049089 2429.000000,28.536842 
z"/>
<path fill="#F0CB35" opacity="1.000000" stroke="none" 
	d="
M170.531342,1.000000 
	C182.450058,3.866698 186.959061,13.545098 192.205566,22.537260 
	C205.030609,44.518497 217.950500,66.444481 230.740005,88.446312 
	C244.519882,112.151894 258.131958,135.955109 271.933472,159.647995 
	C285.069214,182.197876 298.413391,204.626282 311.557037,227.171600 
	C323.052338,246.889618 334.346252,266.725006 345.822266,286.454346 
	C355.725861,303.480377 365.806061,320.403595 375.725128,337.420685 
	C386.720581,356.284515 397.579865,375.227722 408.574677,394.091919 
	C422.213867,417.493103 435.980621,440.820038 449.599823,464.232819 
	C460.992615,483.818176 472.240540,503.487732 483.581146,523.103516 
	C485.797882,526.937744 488.145569,530.696289 490.540588,534.668457 
	C503.158813,516.117920 515.715637,497.670624 528.259033,479.214172 
	C549.197815,448.404541 570.108093,417.575531 591.068420,386.780579 
	C606.676941,363.848572 622.362976,340.969360 637.982483,318.044800 
	C653.690491,294.990295 669.373962,271.919098 685.039490,248.835800 
	C695.342651,233.654007 715.392639,234.949387 724.786804,248.969711 
	C746.158264,280.865753 768.406128,312.175079 790.338257,343.694733 
	C806.838623,367.408142 823.442322,391.049652 839.926880,414.774048 
	C861.461365,445.766327 882.923645,476.808868 904.417053,507.829742 
	C910.397827,516.461731 916.378662,525.093689 922.672363,534.255615 
	C917.565491,544.686768 912.265503,554.655884 906.701172,564.475220 
	C894.589355,585.849243 882.314880,607.131042 870.159241,628.480225 
	C859.156677,647.804260 848.069824,667.082825 837.326172,686.550354 
	C832.107483,696.006836 824.754456,704.910889 826.826172,716.882812 
	C823.852844,712.239319 821.199890,707.707031 818.600037,703.144592 
	C806.326843,681.606567 794.125671,660.027405 781.790222,638.525208 
	C765.453247,610.048035 748.837891,581.728699 732.734802,553.120483 
	C728.217590,545.095337 721.620422,540.565918 713.092102,540.440918 
	C704.462280,540.314331 697.919250,545.275452 693.419434,552.997192 
	C683.258484,570.433228 672.859192,587.731934 662.424988,605.006775 
	C646.392273,631.550476 630.204163,658.000427 614.165039,684.540283 
	C599.146179,709.391846 584.255737,734.320923 569.271118,759.193237 
	C553.015137,786.175659 536.814514,813.192322 520.383789,840.068115 
	C514.256226,850.091064 510.095459,861.883850 498.000000,867.000000 
	C493.643097,867.000000 489.286194,867.000000 484.317932,866.681763 
	C480.401123,864.070496 476.105042,862.456055 473.980286,859.354309 
	C468.150299,850.843811 463.119415,841.773376 457.978760,832.806152 
	C449.072449,817.270203 440.353821,801.626892 431.497620,786.062012 
	C421.020355,767.648254 410.470673,749.275635 399.971161,730.874451 
	C391.423065,715.893188 382.918762,700.886963 374.365875,685.908447 
	C363.940582,667.650940 353.447235,649.432251 343.053589,631.156799 
	C334.120667,615.449890 325.338531,599.657166 316.395020,583.956360 
	C306.315704,566.261536 296.086151,548.652222 286.004578,530.958740 
	C277.139801,515.400757 268.422058,499.759094 259.579376,484.188446 
	C249.036407,465.623749 238.426865,447.096863 227.851105,428.550781 
	C219.387466,413.708557 210.937347,398.858643 202.470078,384.018494 
	C191.971039,365.617401 181.435455,347.237122 170.962631,328.821136 
	C162.110077,313.254303 153.362869,297.627533 144.499191,282.067108 
	C134.339783,264.231995 124.076729,246.455948 113.909294,228.625412 
	C106.421341,215.493835 99.056358,202.292114 91.561623,189.164459 
	C81.219925,171.050049 70.772835,152.995804 60.436340,134.878448 
	C51.726273,119.611816 43.115246,104.288704 34.450165,88.996376 
	C23.305441,69.327896 12.150527,49.665192 1.000000,30.000000 
	C1.000000,25.975456 1.000000,21.950911 1.321737,17.303482 
	C3.792969,8.008684 10.792283,4.395648 18.000000,1.000000 
	C68.687561,1.000000 119.375122,1.000000 170.531342,1.000000 
z"/>
<path fill="#4C6971" opacity="1.000000" stroke="none" 
	d="
M1.000000,30.468658 
	C12.150527,49.665192 23.305441,69.327896 34.450165,88.996376 
	C43.115246,104.288704 51.726273,119.611816 60.436340,134.878448 
	C70.772835,152.995804 81.219925,171.050049 91.561623,189.164459 
	C99.056358,202.292114 106.421341,215.493835 113.909294,228.625412 
	C124.076729,246.455948 134.339783,264.231995 144.499191,282.067108 
	C153.362869,297.627533 162.110077,313.254303 170.962631,328.821136 
	C181.435455,347.237122 191.971039,365.617401 202.470078,384.018494 
	C210.937347,398.858643 219.387466,413.708557 227.851105,428.550781 
	C238.426865,447.096863 249.036407,465.623749 259.579376,484.188446 
	C268.422058,499.759094 277.139801,515.400757 286.004578,530.958740 
	C296.086151,548.652222 306.315704,566.261536 316.395020,583.956360 
	C325.338531,599.657166 334.120667,615.449890 343.053589,631.156799 
	C353.447235,649.432251 363.940582,667.650940 374.365875,685.908447 
	C382.918762,700.886963 391.423065,715.893188 399.971161,730.874451 
	C410.470673,749.275635 421.020355,767.648254 431.497620,786.062012 
	C440.353821,801.626892 449.072449,817.270203 457.978760,832.806152 
	C463.119415,841.773376 468.150299,850.843811 473.980286,859.354309 
	C476.105042,862.456055 480.401123,864.070496 483.853302,866.681763 
	C323.053345,867.000000 162.106705,867.000000 1.000000,867.000000 
	C1.000000,588.312439 1.000000,309.624878 1.000000,30.468658 
z"/>
<path fill="#4C6971" opacity="1.000000" stroke="none" 
	d="
M2360.531250,1.000004 
	C2359.140869,1.333330 2357.281982,1.954371 2355.422363,1.957392 
	C2319.927979,2.015059 2284.433350,2.039862 2248.938965,1.972863 
	C2239.709961,1.955443 2232.650635,5.691934 2228.147461,13.679279 
	C2216.852783,33.713642 2205.809326,53.889797 2194.520752,73.927635 
	C2180.491699,98.829330 2166.259766,123.616806 2152.225098,148.515335 
	C2142.383545,165.975342 2132.801270,183.581589 2122.965820,201.045135 
	C2110.553223,223.084213 2097.960205,245.021667 2085.522949,267.046906 
	C2077.282227,281.640594 2069.220947,296.335297 2061.003174,310.942017 
	C2049.485596,331.414307 2037.864380,351.828186 2026.349487,372.301971 
	C2016.846802,389.197998 2007.488159,406.175232 1997.967285,423.060974 
	C1986.834351,442.805939 1975.545532,462.463135 1964.416626,482.210358 
	C1956.189331,496.809174 1948.157227,511.517975 1939.953369,526.130127 
	C1928.294312,546.896484 1916.557617,567.619202 1904.851929,588.359375 
	C1904.612061,588.784241 1904.344238,589.193298 1903.666748,590.301147 
	C1899.304810,573.503418 1895.163086,557.632080 1891.063721,541.749756 
	C1881.895996,506.231201 1872.737183,470.710388 1863.597900,435.184540 
	C1855.029907,401.879517 1846.514038,368.561096 1837.935303,335.258881 
	C1825.271362,286.097626 1812.587524,236.941391 1799.882690,187.790665 
	C1789.924072,149.264801 1779.917358,110.751396 1769.938599,72.230759 
	C1765.257324,54.159336 1760.681519,36.059849 1755.876709,18.021357 
	C1753.700562,9.851407 1748.765991,4.007120 1740.160889,1.322447 
	C1946.687500,1.000000 2153.375000,1.000000 2360.531250,1.000004 
z"/>
<path fill="#00245D" opacity="1.000000" stroke="none" 
	d="
M827.170898,716.980225 
	C824.754456,704.910889 832.107483,696.006836 837.326172,686.550354 
	C848.069824,667.082825 859.156677,647.804260 870.159241,628.480225 
	C882.314880,607.131042 894.589355,585.849243 906.701172,564.475220 
	C912.265503,554.655884 917.565491,544.686768 922.975830,534.420898 
	C930.650085,520.689209 938.379089,507.347870 946.007812,493.949402 
	C959.885803,469.575073 973.735596,445.184509 987.537537,420.766998 
	C998.401001,401.547913 1009.127869,382.251648 1020.000427,363.037720 
	C1033.404785,339.349548 1046.925781,315.727386 1060.341797,292.045807 
	C1069.668701,275.582275 1078.904297,259.066895 1088.179932,242.574326 
	C1095.828857,228.974182 1103.224854,215.223923 1111.192505,201.813202 
	C1119.829834,187.274857 1140.746582,186.807892 1149.925781,201.138855 
	C1158.959839,215.243210 1167.107056,229.914444 1175.686523,244.311325 
	C1192.929688,273.246735 1209.886597,302.359955 1227.610352,330.998322 
	C1235.199341,343.260712 1234.799072,354.083984 1227.440918,366.201385 
	C1213.749146,388.748505 1200.907593,411.811462 1187.689331,434.646545 
	C1174.720215,457.051300 1161.686646,479.418884 1148.748047,501.841187 
	C1136.721069,522.683533 1124.793823,543.583252 1112.801270,564.445496 
	C1100.973511,585.020935 1089.132446,605.588623 1077.272705,626.145630 
	C1064.087402,648.999817 1050.881836,671.842407 1037.671265,694.682007 
	C1023.380127,719.389771 1009.043762,744.071289 994.781555,768.795715 
	C982.757812,789.639587 970.821045,810.533691 958.827698,831.395203 
	C953.864685,840.027954 949.047058,848.753235 943.796753,857.208801 
	C940.371033,862.725830 934.863892,865.458496 928.250122,866.725159 
	C926.285645,867.000000 924.571289,867.000000 922.185913,866.726257 
	C914.254150,865.134521 908.664795,861.418152 905.001282,854.940857 
	C894.887146,837.058533 884.809082,819.155701 874.650208,801.298828 
	C864.328796,783.156189 853.864685,765.094543 843.588379,746.926575 
	C838.379028,737.716675 833.445801,728.350586 828.316895,718.688965 
	C827.844666,717.835022 827.443298,717.347229 827.044495,716.921265 
	C827.046997,716.983215 827.170898,716.980225 827.170898,716.980225 
z"/>
<path fill="#4C6971" opacity="1.000000" stroke="none" 
	d="
M828.387756,719.055115 
	C833.445801,728.350586 838.379028,737.716675 843.588379,746.926575 
	C853.864685,765.094543 864.328796,783.156189 874.650208,801.298828 
	C884.809082,819.155701 894.887146,837.058533 905.001282,854.940857 
	C908.664795,861.418152 914.254150,865.134521 921.757446,866.726257 
	C780.979126,867.000000 639.958191,867.000000 498.468658,867.000000 
	C510.095459,861.883850 514.256226,850.091064 520.383789,840.068115 
	C536.814514,813.192322 553.015137,786.175659 569.271118,759.193237 
	C584.255737,734.320923 599.146179,709.391846 614.165039,684.540283 
	C630.204163,658.000427 646.392273,631.550476 662.424988,605.006775 
	C672.859192,587.731934 683.258484,570.433228 693.419434,552.997192 
	C697.919250,545.275452 704.462280,540.314331 713.092102,540.440918 
	C721.620422,540.565918 728.217590,545.095337 732.734802,553.120483 
	C748.837891,581.728699 765.453247,610.048035 781.790222,638.525208 
	C794.125671,660.027405 806.326843,681.606567 818.600037,703.144592 
	C821.199890,707.707031 823.852844,712.239319 826.826172,716.882812 
	C827.170898,716.980225 827.046997,716.983215 827.047058,717.284607 
	C827.493958,718.075745 827.940857,718.565430 828.387756,719.055115 
z"/>
<path fill="#00245D" opacity="1.000000" stroke="none" 
	d="
M1402.531372,1.000000 
	C1411.885132,4.341400 1418.247925,9.746492 1420.119873,19.745274 
	C1421.634399,27.834667 1418.185669,34.302917 1414.512817,40.751961 
	C1400.559204,65.252563 1386.480103,89.681671 1372.421143,114.122116 
	C1358.776245,137.842636 1345.098145,161.544128 1331.435547,185.254395 
	C1325.638672,195.314240 1320.141113,205.561691 1313.976196,215.390640 
	C1305.406738,229.052963 1284.071533,228.559219 1275.908203,214.665558 
	C1261.709473,190.499588 1247.662842,166.244278 1233.519287,142.045822 
	C1221.134033,120.855408 1208.723633,99.679642 1196.283081,78.521584 
	C1191.208862,69.891502 1189.943481,61.055435 1195.016602,52.051525 
	C1202.587646,38.613888 1210.398315,25.311386 1218.020142,11.901999 
	C1221.283813,6.159989 1226.316528,3.069968 1232.763428,1.271345 
	C1289.354248,1.000000 1345.708496,1.000000 1402.531372,1.000000 
z"/>
<path fill="#4C6971" opacity="1.000000" stroke="none" 
	d="
M17.529547,1.000000 
	C10.792283,4.395648 3.792969,8.008684 1.321737,16.840298 
	C1.000000,11.739020 1.000000,6.478040 1.000000,1.000000 
	C6.351708,1.000000 11.705401,1.000000 17.529547,1.000000 
z"/>
<path fill="#4C6971" opacity="1.000000" stroke="none" 
	d="
M2429.000000,15.527336 
	C2425.624268,8.694839 2420.861572,3.000269 2412.174561,1.329674 
	C2417.586670,1.000000 2423.173096,1.000000 2429.000000,1.000000 
	C2429.000000,5.682192 2429.000000,10.368432 2429.000000,15.527336 
z"/>
<path fill="#F0CB35" opacity="1.000000" stroke="none" 
	d="
M828.316895,718.688965 
	C827.940857,718.565430 827.493958,718.075745 827.044556,717.222656 
	C827.443298,717.347229 827.844666,717.835022 828.316895,718.688965 
z"/>
</svg>